5.639145500000000144e-01
3.228225699999999754e-01
3.238773600000000030e-01
3.004813199999999962e-01
2.699509500000000228e-01
2.291379799999999911e-01
2.370561200000000091e-01
1.894041200000000091e-01
2.746699000000000015e-02
1.202976500000000060e-01
9.786844000000000099e-02
2.391238300000000094e-01
3.323274500000000242e-01
3.407803500000000096e-01
4.188340700000000028e-01
4.610477299999999889e-01
4.769314900000000135e-01
5.588190400000000446e-01
3.312611799999999884e-01
4.647580499999999781e-01
1.785274699999999937e-01
3.481352999999999809e-01
4.189748200000000256e-01
5.914641499999999663e-01
6.632860099999999814e-01
6.802987700000000526e-01
7.539230500000000390e-01
1.030729259999999980e+00
1.596127829999999914e+00
2.517830149999999989e+00
