4.702310546875196340e-01
4.290674305556822499e-01
4.188257595487019369e-01
4.145211371528324529e-01
3.893381336806593929e-01
3.540632291667429876e-01
3.191746961806172789e-01
2.730547135416801496e-01
2.400183723959719018e-01
2.007580512153988861e-01
1.859627083334167152e-01
1.757262239584204688e-01
1.552128993056169914e-01
1.547637890625514490e-01
1.426664583334643355e-01
1.080174869792238646e-01
4.867746093756417786e-02
2.869866753479090662e-02
1.075688368064637961e-02
2.141141493135816087e-03
1.449114149315984881e-02
6.803348524313149182e-02
9.637669270836081437e-02
9.321425347228032288e-02
1.093887890625816900e-01
1.264031901042294848e-01
1.389849696180825711e-01
1.523733506945504357e-01
1.664095355903453255e-01
1.707943142361519340e-01
1.885994314237048608e-01
1.997558203125454623e-01
2.130167144097770415e-01
2.808273350695123516e-01
3.673783680556076403e-01
4.195188932292193695e-01
4.318019010417514791e-01
4.514164800348457462e-01
4.674678211806416184e-01
5.104006163195210499e-01
-1.368098090275859588e-02
-7.211628906248020165e-02
-8.515508680547749509e-02
-7.152277343747917571e-02
-4.673404513883460537e-02
1.517776909727231241e-02
7.706764756952372286e-02
1.343733680556290777e-01
1.930791362847956161e-01
2.684434114584246522e-01
3.319211067708794927e-01
4.097934201389456521e-01
4.663134461806446307e-01
5.611914062500651390e-01
7.752615104167867033e-01
1.003825321180602304e+00
1.305727304687567925e+00
1.656321176215349578e+00
2.030789240451457367e+00
2.501236579861140896e+00
