5.061647265625187631e-01
4.448383289931824858e-01
4.405909548612020332e-01
4.415126215278324384e-01
4.276088758681590440e-01
3.522322135417424449e-01
3.469070399306164454e-01
2.610967057291798121e-01
2.263313020834719358e-01
2.143539496528984178e-01
2.004776692709163144e-01
1.843181380209195919e-01
1.544999696181169335e-01
1.701083984375513225e-01
1.901793098959642658e-01
1.632244010417245872e-01
1.391173437500634602e-01
1.113003472222906104e-01
6.421192274314732606e-02
5.308469618063572926e-02
9.344680555565945679e-02
1.110810633681315607e-01
9.993501302086149618e-02
1.155735894097809080e-01
1.121844531250819760e-01
1.246783854167291400e-01
1.410082899305825366e-01
1.639291319445494444e-01
1.813846527778451567e-01
1.916734548611512545e-01
1.933676345487046200e-01
2.155604296875456571e-01
2.516457378472763962e-01
3.132605772570116187e-01
3.666543446181083632e-01
4.849040494792198897e-01
5.454975651042515139e-01
4.736615972223462978e-01
5.408697743056412044e-01
5.294774913195203769e-01
-3.926059027775921639e-02
-8.024511718748127131e-02
-5.265895399297805535e-02
2.547421875020031493e-03
-5.639162326383564267e-02
4.609112847227207765e-02
1.059291319445239965e-01
2.133008289931281332e-01
3.278127690972960084e-01
3.678727083334243364e-01
4.307686067708796362e-01
4.647617013889451809e-01
5.141687977431446122e-01
5.460240234375648427e-01
8.084023307292871330e-01
1.010447664930602674e+00
1.275145546875067870e+00
1.660573051215349594e+00
2.026479396701457159e+00
2.501822907986141153e+00
