6.274326700000000256e-01
3.530461899999999820e-01
3.070331900000000114e-01
3.263952700000000151e-01
2.857476700000000092e-01
3.020102499999999801e-01
2.894299900000000259e-01
2.734416299999999911e-01
2.554281800000000047e-01
2.298275100000000126e-01
2.284236099999999992e-01
2.217803200000000030e-01
2.261814299999999889e-01
1.965038899999999866e-01
1.518505300000000113e-01
7.716349999999999598e-02
6.616679000000000310e-02
7.003315999999999708e-02
4.102850999999999720e-02
8.076334999999999764e-02
2.417663999999999924e-02
9.335288999999999393e-02
2.568115999999999732e-01
3.211588300000000062e-01
4.475649099999999825e-01
4.691486200000000162e-01
5.536271900000000468e-01
5.343989399999999890e-01
5.792186799999999858e-01
5.773109800000000291e-01
5.863170699999999957e-01
6.076859700000000197e-01
6.189475800000000527e-01
6.694026600000000382e-01
6.365579099999999491e-01
6.981943099999999847e-01
5.112776999999999461e-01
4.450279799999999897e-01
5.695430099999999607e-01
6.188135599999999847e-01
1.146714499999999942e-01
2.278518800000000066e-01
3.783221399999999734e-01
4.955052999999999819e-01
5.536317699999999675e-01
5.845655199999999496e-01
6.418962999999999752e-01
6.344822700000000149e-01
6.446724900000000424e-01
6.977960100000000221e-01
7.410700199999999960e-01
7.768649800000000383e-01
8.512759399999999532e-01
8.394187499999999913e-01
1.072030510000000048e+00
1.090928600000000026e+00
1.673150130000000013e+00
1.756344160000000043e+00
2.595396479999999784e+00
2.589661439999999981e+00
